model: srtm
lb: [0 0 0]
ub: [3 1 8]
theta3_lb: 0.010000
theta3_ub: 0.300000
nbases: 300
